{
  "keyframes": [
    {
      "matrix": "[-0.987688340595138,-0.15643446504022815,2.0816681711721685e-17,0,0.11271786289307935,-0.711672577572126,0.6934095656368341,0,-0.10847315445417513,0.6848725432366402,0.7205436657714347,0,-0.11220550344722845,0.7084376673448268,0.7453361634076039,1]",
      "fov": 50,
      "aspect": 1,
      "properties": "[[\"FOV\",50],[\"NAME\",\"Camera 0\"],[\"TIME\",0]]"
    },
    {
      "matrix": "[0.024005497939462828,-0.99971182651236,-1.1102230246251565e-16,0,0.7482478949143169,0.01796724098206992,0.6631758937173351,0,-0.6629847840071236,-0.015919867550133138,0.7484635822751926,0,-0.6857967931484633,-0.01646763904179155,0.7742167496067649,1]",
      "fov": 50,
      "aspect": 1,
      "properties": "[[\"FOV\",50],[\"NAME\",\"Camera 1\"],[\"TIME\",0.25]]"
    },
    {
      "matrix": "[0.9999470681003532,-0.010288877368682193,8.673617379884035e-19,0,0.007433132505631204,0.7224052527277176,0.691429967077329,0,-0.007114038140290602,-0.6913933683756988,0.7224434930341915,0,-0.007358818272509145,-0.7151828613174828,0.7473013600090389,1]",
      "fov": 50,
      "aspect": 1,
      "properties": "[[\"FOV\",50],[\"NAME\",\"Camera 2\"],[\"TIME\",0.5]]"
    },
    {
      "matrix": "[0.0034296795792860824,0.9999941186316965,5.551115123125783e-17,0,-0.612455248603859,0.0021005376133984566,0.7905024707104464,0,0.7904978214742713,-0.002711170181170952,0.6124588506999306,0,0.8176973047273975,-0.0028044562421010166,0.633532361341331,1]",
      "fov": 50,
      "aspect": 1,
      "properties": "[[\"FOV\",50],[\"NAME\",\"Camera 3\"],[\"TIME\",0.75]]"
    },
    {
      "matrix": "[-0.6221865252297452,0.7828690361883881,-1.1102230246251565e-16,0,-0.5078090535407052,-0.4035821266363979,0.7610856930738719,0,0.5958304229935134,0.4735372627757046,0.6486513453298808,0,0.6163317819747315,0.48983075340744076,0.6709701688928775,1]",
      "fov": 50,
      "aspect": 1,
      "properties": "[[\"FOV\",50],[\"NAME\",\"Camera 4\"],[\"TIME\",1]]"
    }
  ],
  "camera_type": "perspective",
  "render_height": 224,
  "render_width": 224,
  "camera_path": [
    {
      "camera_to_world": [
        -0.9876883405951383,
        0.11271786289307939,
        -0.10847315445417516,
        -0.11220550344722845,
        -0.15643446504022823,
        -0.7116725775721261,
        0.6848725432366403,
        0.7084376673448268,
        1.387778780781446e-17,
        0.6934095656368342,
        0.7205436657714346,
        0.7453361634076039,
        0,
        0,
        0,
        1
      ],
      "fov": 50,
      "aspect": 1
    },
    {
      "camera_to_world": [
        0.024005497939463008,
        0.7482478949143168,
        -0.6629847840071235,
        -0.6857967931484633,
        -0.9997118265123599,
        0.01796724098207014,
        -0.015919867550133134,
        -0.01646763904179155,
        -1.491862189340054e-16,
        0.663175893717335,
        0.7484635822751927,
        0.7742167496067649,
        0,
        0,
        0,
        1
      ],
      "fov": 50,
      "aspect": 1
    },
    {
      "camera_to_world": [
        0.9999470681003532,
        0.007433132505631205,
        -0.007114038140290602,
        -0.007358818272509145,
        -0.010288877368682193,
        0.7224052527277178,
        -0.6913933683756988,
        -0.7151828613174828,
        -8.673617379884034e-19,
        0.691429967077329,
        0.7224434930341916,
        0.7473013600090389,
        0,
        0,
        0,
        1
      ],
      "fov": 50,
      "aspect": 1
    },
    {
      "camera_to_world": [
        0.003429679579286188,
        -0.612455248603859,
        0.7904978214742713,
        0.8176973047273975,
        0.9999941186316966,
        0.0021005376133985676,
        -0.002711170181170952,
        -0.0028044562421010166,
        9.215718466126788e-17,
        0.7905024707104464,
        0.6124588506999307,
        0.633532361341331,
        0,
        0,
        0,
        1
      ],
      "fov": 50,
      "aspect": 1
    }
  ],
  "fps": 1,
  "seconds": 4,
  "smoothness_value": 0.5,
  "is_cycle": false,
  "crop": null
}